D
0.000000 0.000000 0.000000 0.000000 0.000000 0.000000 0.000000 0.000000 
0.000000 0.000000 7445692.750000 8934884.375000 10424076.000000 11913267.625000 13402459.250000 14891650.875000 
0.500000 0.750000 1.000000 1.250000 1.500000 1.750000 2.000000 2.250000 
0.750000 1.125000 1.500000 1.875000 2.250000 2.625000 3.000000 3.375000 
1.000000 1.500000 2.000000 2.500000 3.000000 3.500000 4.000000 4.500000 
1.250000 1.875000 2.500000 3.125000 3.750000 4.375000 5.000000 5.625000 
1.500000 2.250000 3.000000 3.750000 4.500000 5.250000 6.000000 6.750000 
1.750000 2.625000 3.500000 4.375000 5.250000 6.125000 7.000000 7.875000 
