A
0.000000 0.000000 0.000000 0.000000 0.000000 0.000000 0.000000 0.000000 0.000000 0.000000 0.000000 0.000000 0.000000 0.000000 0.000000 0.000000 
0.000000 0.062500 0.125000 0.187500 0.250000 0.312500 0.375000 0.437500 0.500000 0.562500 0.625000 0.687500 0.750000 0.812500 0.875000 0.937500 
0.000000 0.125000 0.250000 0.375000 0.500000 0.625000 0.750000 0.875000 1.000000 1.125000 1.250000 1.375000 1.500000 1.625000 1.750000 1.875000 
0.000000 0.187500 0.375000 0.562500 0.750000 0.937500 1.125000 1.312500 1.500000 1.687500 1.875000 2.062500 2.250000 2.437500 2.625000 2.812500 
0.000000 0.250000 0.500000 0.750000 1.000000 1.250000 1.500000 1.750000 2.000000 2.250000 2.500000 2.750000 3.000000 3.250000 3.500000 3.750000 
0.000000 0.312500 0.625000 0.937500 1.250000 1.562500 1.875000 2.187500 2.500000 2.812500 3.125000 3.437500 3.750000 4.062500 4.375000 4.687500 
0.000000 0.375000 0.750000 1.125000 1.500000 1.875000 2.250000 2.625000 3.000000 3.375000 3.750000 4.125000 4.500000 4.875000 5.250000 5.625000 
0.000000 0.437500 0.875000 1.312500 1.750000 2.187500 2.625000 3.062500 3.500000 3.937500 4.375000 4.812500 5.250000 5.687500 6.125000 6.562500 
0.000000 0.500000 1.000000 1.500000 2.000000 2.500000 3.000000 3.500000 4.000000 4.500000 5.000000 5.500000 6.000000 6.500000 7.000000 7.500000 
0.000000 0.562500 1.125000 1.687500 2.250000 2.812500 3.375000 3.937500 4.500000 5.062500 5.625000 6.187500 6.750000 7.312500 7.875000 8.437500 
0.000000 0.625000 1.250000 1.875000 2.500000 3.125000 3.750000 4.375000 5.000000 5.625000 6.250000 6.875000 7.500000 8.125000 8.750000 9.375000 
0.000000 0.687500 1.375000 2.062500 2.750000 3.437500 4.125000 4.812500 5.500000 6.187500 6.875000 7.562500 8.250000 8.937500 9.625000 10.312500 
0.000000 0.750000 1.500000 2.250000 3.000000 3.750000 4.500000 5.250000 6.000000 6.750000 7.500000 8.250000 9.000000 9.750000 10.500000 11.250000 
0.000000 0.812500 1.625000 2.437500 3.250000 4.062500 4.875000 5.687500 6.500000 7.312500 8.125000 8.937500 9.750000 10.562500 11.375000 12.187500 
0.000000 0.875000 1.750000 2.625000 3.500000 4.375000 5.250000 6.125000 7.000000 7.875000 8.750000 9.625000 10.500000 11.375000 12.250000 13.125000 
0.000000 0.937500 1.875000 2.812500 3.750000 4.687500 5.625000 6.562500 7.500000 8.437500 9.375000 10.312500 11.250000 12.187500 13.125000 14.062500 
B
0.000000 0.000000 0.000000 0.000000 0.000000 0.000000 0.000000 0.000000 0.000000 0.000000 0.000000 0.000000 0.000000 0.000000 0.000000 0.000000 
0.062500 0.125000 0.187500 0.250000 0.312500 0.375000 0.437500 0.500000 0.562500 0.625000 0.687500 0.750000 0.812500 0.875000 0.937500 1.000000 
0.125000 0.250000 0.375000 0.500000 0.625000 0.750000 0.875000 1.000000 1.125000 1.250000 1.375000 1.500000 1.625000 1.750000 1.875000 2.000000 
0.187500 0.375000 0.562500 0.750000 0.937500 1.125000 1.312500 1.500000 1.687500 1.875000 2.062500 2.250000 2.437500 2.625000 2.812500 3.000000 
0.250000 0.500000 0.750000 1.000000 1.250000 1.500000 1.750000 2.000000 2.250000 2.500000 2.750000 3.000000 3.250000 3.500000 3.750000 4.000000 
0.312500 0.625000 0.937500 1.250000 1.562500 1.875000 2.187500 2.500000 2.812500 3.125000 3.437500 3.750000 4.062500 4.375000 4.687500 5.000000 
0.375000 0.750000 1.125000 1.500000 1.875000 2.250000 2.625000 3.000000 3.375000 3.750000 4.125000 4.500000 4.875000 5.250000 5.625000 6.000000 
0.437500 0.875000 1.312500 1.750000 2.187500 2.625000 3.062500 3.500000 3.937500 4.375000 4.812500 5.250000 5.687500 6.125000 6.562500 7.000000 
0.500000 1.000000 1.500000 2.000000 2.500000 3.000000 3.500000 4.000000 4.500000 5.000000 5.500000 6.000000 6.500000 7.000000 7.500000 8.000000 
0.562500 1.125000 1.687500 2.250000 2.812500 3.375000 3.937500 4.500000 5.062500 5.625000 6.187500 6.750000 7.312500 7.875000 8.437500 9.000000 
0.625000 1.250000 1.875000 2.500000 3.125000 3.750000 4.375000 5.000000 5.625000 6.250000 6.875000 7.500000 8.125000 8.750000 9.375000 10.000000 
0.687500 1.375000 2.062500 2.750000 3.437500 4.125000 4.812500 5.500000 6.187500 6.875000 7.562500 8.250000 8.937500 9.625000 10.312500 11.000000 
0.750000 1.500000 2.250000 3.000000 3.750000 4.500000 5.250000 6.000000 6.750000 7.500000 8.250000 9.000000 9.750000 10.500000 11.250000 12.000000 
0.812500 1.625000 2.437500 3.250000 4.062500 4.875000 5.687500 6.500000 7.312500 8.125000 8.937500 9.750000 10.562500 11.375000 12.187500 13.000000 
0.875000 1.750000 2.625000 3.500000 4.375000 5.250000 6.125000 7.000000 7.875000 8.750000 9.625000 10.500000 11.375000 12.250000 13.125000 14.000000 
0.937500 1.875000 2.812500 3.750000 4.687500 5.625000 6.562500 7.500000 8.437500 9.375000 10.312500 11.250000 12.187500 13.125000 14.062500 15.000000 
C
0.000000 0.000000 0.000000 0.000000 0.000000 0.000000 0.000000 0.000000 0.000000 0.000000 0.000000 0.000000 0.000000 0.000000 0.000000 0.000000 
0.187500 0.250000 0.312500 0.375000 0.437500 0.500000 0.562500 0.625000 0.687500 0.750000 0.812500 0.875000 0.937500 1.000000 1.062500 1.125000 
0.375000 0.500000 0.625000 0.750000 0.875000 1.000000 1.125000 1.250000 1.375000 1.500000 1.625000 1.750000 1.875000 2.000000 2.125000 2.250000 
0.562500 0.750000 0.937500 1.125000 1.312500 1.500000 1.687500 1.875000 2.062500 2.250000 2.437500 2.625000 2.812500 3.000000 3.187500 3.375000 
0.750000 1.000000 1.250000 1.500000 1.750000 2.000000 2.250000 2.500000 2.750000 3.000000 3.250000 3.500000 3.750000 4.000000 4.250000 4.500000 
0.937500 1.250000 1.562500 1.875000 2.187500 2.500000 2.812500 3.125000 3.437500 3.750000 4.062500 4.375000 4.687500 5.000000 5.312500 5.625000 
1.125000 1.500000 1.875000 2.250000 2.625000 3.000000 3.375000 3.750000 4.125000 4.500000 4.875000 5.250000 5.625000 6.000000 6.375000 6.750000 
1.312500 1.750000 2.187500 2.625000 3.062500 3.500000 3.937500 4.375000 4.812500 5.250000 5.687500 6.125000 6.562500 7.000000 7.437500 7.875000 
1.500000 2.000000 2.500000 3.000000 3.500000 4.000000 4.500000 5.000000 5.500000 6.000000 6.500000 7.000000 7.500000 8.000000 8.500000 9.000000 
1.687500 2.250000 2.812500 3.375000 3.937500 4.500000 5.062500 5.625000 6.187500 6.750000 7.312500 7.875000 8.437500 9.000000 9.562500 10.125000 
1.875000 2.500000 3.125000 3.750000 4.375000 5.000000 5.625000 6.250000 6.875000 7.500000 8.125000 8.750000 9.375000 10.000000 10.625000 11.250000 
2.062500 2.750000 3.437500 4.125000 4.812500 5.500000 6.187500 6.875000 7.562500 8.250000 8.937500 9.625000 10.312500 11.000000 11.687500 12.375000 
2.250000 3.000000 3.750000 4.500000 5.250000 6.000000 6.750000 7.500000 8.250000 9.000000 9.750000 10.500000 11.250000 12.000000 12.750000 13.500000 
2.437500 3.250000 4.062500 4.875000 5.687500 6.500000 7.312500 8.125000 8.937500 9.750000 10.562500 11.375000 12.187500 13.000000 13.812500 14.625000 
2.625000 3.500000 4.375000 5.250000 6.125000 7.000000 7.875000 8.750000 9.625000 10.500000 11.375000 12.250000 13.125000 14.000000 14.875000 15.750000 
2.812500 3.750000 4.687500 5.625000 6.562500 7.500000 8.437500 9.375000 10.312500 11.250000 12.187500 13.125000 14.062500 15.000000 15.937500 16.875000 
D
0.000000 0.000000 0.000000 0.000000 0.000000 0.000000 0.000000 0.000000 0.000000 0.000000 0.000000 0.000000 0.000000 0.000000 0.000000 0.000000 
0.125000 0.187500 0.250000 0.312500 0.375000 0.437500 0.500000 0.562500 0.625000 0.687500 0.750000 0.812500 0.875000 0.937500 1.000000 1.062500 
0.250000 0.375000 0.500000 0.625000 0.750000 0.875000 1.000000 1.125000 1.250000 1.375000 1.500000 1.625000 1.750000 1.875000 2.000000 2.125000 
0.375000 0.562500 0.750000 0.937500 1.125000 1.312500 1.500000 1.687500 1.875000 2.062500 2.250000 2.437500 2.625000 2.812500 3.000000 3.187500 
0.500000 0.750000 1.000000 1.250000 1.500000 1.750000 2.000000 2.250000 2.500000 2.750000 3.000000 3.250000 3.500000 3.750000 4.000000 4.250000 
0.625000 0.937500 1.250000 1.562500 1.875000 2.187500 2.500000 2.812500 3.125000 3.437500 3.750000 4.062500 4.375000 4.687500 5.000000 5.312500 
0.750000 1.125000 1.500000 1.875000 2.250000 2.625000 3.000000 3.375000 3.750000 4.125000 4.500000 4.875000 5.250000 5.625000 6.000000 6.375000 
0.875000 1.312500 1.750000 2.187500 2.625000 3.062500 3.500000 3.937500 4.375000 4.812500 5.250000 5.687500 6.125000 6.562500 7.000000 7.437500 
1.000000 1.500000 2.000000 2.500000 3.000000 3.500000 4.000000 4.500000 5.000000 5.500000 6.000000 6.500000 7.000000 7.500000 8.000000 8.500000 
1.125000 1.687500 2.250000 2.812500 3.375000 3.937500 4.500000 5.062500 5.625000 6.187500 6.750000 7.312500 7.875000 8.437500 9.000000 9.562500 
1.250000 1.875000 2.500000 3.125000 3.750000 4.375000 5.000000 5.625000 6.250000 6.875000 7.500000 8.125000 8.750000 9.375000 10.000000 10.625000 
1.375000 2.062500 2.750000 3.437500 4.125000 4.812500 5.500000 6.187500 6.875000 7.562500 8.250000 8.937500 9.625000 10.312500 11.000000 11.687500 
1.500000 2.250000 3.000000 3.750000 4.500000 5.250000 6.000000 6.750000 7.500000 8.250000 9.000000 9.750000 10.500000 11.250000 12.000000 12.750000 
1.625000 2.437500 3.250000 4.062500 4.875000 5.687500 6.500000 7.312500 8.125000 8.937500 9.750000 10.562500 11.375000 12.187500 13.000000 13.812500 
1.750000 2.625000 3.500000 4.375000 5.250000 6.125000 7.000000 7.875000 8.750000 9.625000 10.500000 11.375000 12.250000 13.125000 14.000000 14.875000 
1.875000 2.812500 3.750000 4.687500 5.625000 6.562500 7.500000 8.437500 9.375000 10.312500 11.250000 12.187500 13.125000 14.062500 15.000000 15.937500 
D
0.000000 0.000000 0.000000 0.000000 0.000000 0.000000 0.000000 0.000000 0.000000 0.000000 0.000000 0.000000 0.000000 0.000000 0.000000 0.000000 
40034149.750000 53378910.562500 66723671.375000 80068432.187500 93413193.000000 106757953.812500 120102714.625000 133447475.437500 146792236.250000 160136997.062500 173481757.875000 186826518.687500 200171279.500000 213516040.312500 226860801.125000 240205561.937500 
80068299.500000 106757821.125000 133447342.750000 160136864.375000 186826386.000000 213515907.625000 240205429.250000 266894950.875000 293584472.500000 320273994.125000 346963515.750000 373653037.375000 400342559.000000 427032080.625000 453721602.250000 480411123.875000 
120102449.250000 160136731.687500 200171014.125000 240205296.562500 280239579.000000 320273861.437500 360308143.875000 400342426.312500 440376708.750000 480410991.187500 520445273.625000 560479556.062500 600513838.500000 640548120.937500 680582403.375000 720616685.812500 
160136599.000000 213515642.250000 266894685.500000 320273728.750000 373652772.000000 427031815.250000 480410858.500000 533789901.750000 587168945.000000 640547988.250000 693927031.500000 747306074.750000 800685118.000000 854064161.250000 907443204.500000 960822247.750000 
200170748.750000 266894552.812500 333618356.875000 400342160.937500 467065965.000000 533789769.062500 600513573.125000 667237377.187500 733961181.250000 800684985.312500 867408789.375000 934132593.437500 1000856397.500000 1067580201.562500 1134304005.625000 1201027809.687500 
240204898.500000 320273463.375000 400342028.250000 480410593.125000 560479158.000000 640547722.875000 720616287.750000 800684852.625000 880753417.500000 960821982.375000 1040890547.250000 1120959112.125000 1201027677.000000 1281096241.875000 1361164806.750000 1441233371.625000 
280239048.250000 373652373.937500 467065699.625000 560479025.312500 653892351.000000 747305676.687500 840719002.375000 934132328.062500 1027545653.750000 1120958979.437500 1214372305.125000 1307785630.812500 1401198956.500000 1494612282.187500 1588025607.875000 1681438933.562500 
320273198.000000 427031284.500000 533789371.000000 640547457.500000 747305544.000000 854063630.500000 960821717.000000 1067579803.500000 1174337890.000000 1281095976.500000 1387854063.000000 1494612149.500000 1601370236.000000 1708128322.500000 1814886409.000000 1921644495.500000 
360307347.750000 480410195.062500 600513042.375000 720615889.687500 840718737.000000 960821584.312500 1080924431.625000 1201027278.937500 1321130126.250000 1441232973.562500 1561335820.875000 1681438668.187500 1801541515.500000 1921644362.812500 2041747210.125000 2161850057.437500 
400341497.500000 533789105.625000 667236713.750000 800684321.875000 934131930.000000 1067579538.125000 1201027146.250000 1334474754.375000 1467922362.500000 1601369970.625000 1734817578.750000 1868265186.875000 2001712795.000000 2135160403.125000 2268608011.250000 2402055619.375000 
440375647.250000 587168016.187500 733960385.125000 880752754.062500 1027545123.000000 1174337491.937500 1321129860.875000 1467922229.812500 1614714598.750000 1761506967.687500 1908299336.625000 2055091705.562500 2201884074.500000 2348676443.437500 2495468812.375000 2642261181.312500 
480409797.000000 640546926.750000 800684056.500000 960821186.250000 1120958316.000000 1281095445.750000 1441232575.500000 1601369705.250000 1761506835.000000 1921643964.750000 2081781094.500000 2241918224.250000 2402055354.000000 2562192483.750000 2722329613.500000 2882466743.250000 
520443946.750000 693925837.312500 867407727.875000 1040889618.437500 1214371509.000000 1387853399.562500 1561335290.125000 1734817180.687500 1908299071.250000 2081780961.812500 2255262852.375000 2428744742.937500 2602226633.500000 2775708524.062500 2949190414.625000 3122672305.187500 
560478096.500000 747304747.875000 934131399.250000 1120958050.625000 1307784702.000000 1494611353.375000 1681438004.750000 1868264656.125000 2055091307.500000 2241917958.875000 2428744610.250000 2615571261.625000 2802397913.000000 2989224564.375000 3176051215.750000 3362877867.125000 
600512246.250000 800683658.437500 1000855070.625000 1201026482.812500 1401197895.000000 1601369307.187500 1801540719.375000 2001712131.562500 2201883543.750000 2402054955.937500 2602226368.125000 2802397780.312500 3002569192.500000 3202740604.687500 3402912016.875000 3603083429.062500 
208218
