A								A
0.000000 0.000000 0.000000 0.000000 0.000000 0.000000 0.00000	0.000000 0.000000 0.000000 0.000000 0.000000 0.000000 0.00000
0.000000 0.062500 0.125000 0.187500 0.250000 0.312500 0.37500 |	0.000000 0.000000 0.000000 0.000000 0.000000 0.000000 0.00000
0.000000 0.125000 0.250000 0.375000 0.500000 0.625000 0.75000 |	0.000000 0.000000 0.000000 0.000000 0.000000 0.000000 0.00000
0.000000 0.187500 0.375000 0.562500 0.750000 0.937500 1.12500 |	0.000000 0.000000 0.000000 0.000000 0.000000 0.000000 0.00000
0.000000 0.250000 0.500000 0.750000 1.000000 1.250000 1.50000	0.000000 0.250000 0.500000 0.750000 1.000000 1.250000 1.50000
0.000000 0.312500 0.625000 0.937500 1.250000 1.562500 1.87500	0.000000 0.312500 0.625000 0.937500 1.250000 1.562500 1.87500
0.000000 0.375000 0.750000 1.125000 1.500000 1.875000 2.25000	0.000000 0.375000 0.750000 1.125000 1.500000 1.875000 2.25000
0.000000 0.437500 0.875000 1.312500 1.750000 2.187500 2.62500	0.000000 0.437500 0.875000 1.312500 1.750000 2.187500 2.62500
0.000000 0.500000 1.000000 1.500000 2.000000 2.500000 3.00000 |	0.000000 0.000000 0.000000 0.000000 0.000000 0.000000 0.00000
0.000000 0.562500 1.125000 1.687500 2.250000 2.812500 3.37500 |	0.000000 0.000000 0.000000 0.000000 0.000000 0.000000 0.00000
0.000000 0.625000 1.250000 1.875000 2.500000 3.125000 3.75000 |	0.000000 0.000000 0.000000 0.000000 0.000000 0.000000 0.00000
0.000000 0.687500 1.375000 2.062500 2.750000 3.437500 4.12500 |	0.000000 0.000000 0.000000 0.000000 0.000000 0.000000 0.00000
0.000000 0.750000 1.500000 2.250000 3.000000 3.750000 4.50000 |	0.000000 0.000000 0.000000 0.000000 0.000000 0.000000 0.00000
0.000000 0.812500 1.625000 2.437500 3.250000 4.062500 4.87500 |	0.000000 0.000000 0.000000 0.000000 0.000000 0.000000 0.00000
0.000000 0.875000 1.750000 2.625000 3.500000 4.375000 5.25000 |	0.000000 0.000000 0.000000 0.000000 0.000000 0.000000 0.00000
0.000000 0.937500 1.875000 2.812500 3.750000 4.687500 5.62500 |	0.000000 0.000000 0.000000 0.000000 0.000000 0.000000 0.00000
B								B
0.000000 0.000000 0.000000 0.000000 0.000000 0.000000 0.00000	0.000000 0.000000 0.000000 0.000000 0.000000 0.000000 0.00000
0.062500 0.125000 0.187500 0.250000 0.312500 0.375000 0.43750	0.062500 0.125000 0.187500 0.250000 0.312500 0.375000 0.43750
0.125000 0.250000 0.375000 0.500000 0.625000 0.750000 0.87500	0.125000 0.250000 0.375000 0.500000 0.625000 0.750000 0.87500
0.187500 0.375000 0.562500 0.750000 0.937500 1.125000 1.31250	0.187500 0.375000 0.562500 0.750000 0.937500 1.125000 1.31250
0.250000 0.500000 0.750000 1.000000 1.250000 1.500000 1.75000	0.250000 0.500000 0.750000 1.000000 1.250000 1.500000 1.75000
0.312500 0.625000 0.937500 1.250000 1.562500 1.875000 2.18750	0.312500 0.625000 0.937500 1.250000 1.562500 1.875000 2.18750
0.375000 0.750000 1.125000 1.500000 1.875000 2.250000 2.62500	0.375000 0.750000 1.125000 1.500000 1.875000 2.250000 2.62500
0.437500 0.875000 1.312500 1.750000 2.187500 2.625000 3.06250	0.437500 0.875000 1.312500 1.750000 2.187500 2.625000 3.06250
0.500000 1.000000 1.500000 2.000000 2.500000 3.000000 3.50000	0.500000 1.000000 1.500000 2.000000 2.500000 3.000000 3.50000
0.562500 1.125000 1.687500 2.250000 2.812500 3.375000 3.93750	0.562500 1.125000 1.687500 2.250000 2.812500 3.375000 3.93750
0.625000 1.250000 1.875000 2.500000 3.125000 3.750000 4.37500	0.625000 1.250000 1.875000 2.500000 3.125000 3.750000 4.37500
0.687500 1.375000 2.062500 2.750000 3.437500 4.125000 4.81250	0.687500 1.375000 2.062500 2.750000 3.437500 4.125000 4.81250
0.750000 1.500000 2.250000 3.000000 3.750000 4.500000 5.25000	0.750000 1.500000 2.250000 3.000000 3.750000 4.500000 5.25000
0.812500 1.625000 2.437500 3.250000 4.062500 4.875000 5.68750	0.812500 1.625000 2.437500 3.250000 4.062500 4.875000 5.68750
0.875000 1.750000 2.625000 3.500000 4.375000 5.250000 6.12500	0.875000 1.750000 2.625000 3.500000 4.375000 5.250000 6.12500
0.937500 1.875000 2.812500 3.750000 4.687500 5.625000 6.56250	0.937500 1.875000 2.812500 3.750000 4.687500 5.625000 6.56250
C								C
0.000000 0.000000 0.000000 0.000000 0.000000 0.000000 0.00000	0.000000 0.000000 0.000000 0.000000 0.000000 0.000000 0.00000
0.187500 0.250000 0.312500 0.375000 0.437500 0.500000 0.56250	0.187500 0.250000 0.312500 0.375000 0.437500 0.500000 0.56250
0.375000 0.500000 0.625000 0.750000 0.875000 1.000000 1.12500	0.375000 0.500000 0.625000 0.750000 0.875000 1.000000 1.12500
0.562500 0.750000 0.937500 1.125000 1.312500 1.500000 1.68750	0.562500 0.750000 0.937500 1.125000 1.312500 1.500000 1.68750
0.750000 1.000000 1.250000 1.500000 1.750000 2.000000 2.25000	0.750000 1.000000 1.250000 1.500000 1.750000 2.000000 2.25000
0.937500 1.250000 1.562500 1.875000 2.187500 2.500000 2.81250	0.937500 1.250000 1.562500 1.875000 2.187500 2.500000 2.81250
1.125000 1.500000 1.875000 2.250000 2.625000 3.000000 3.37500	1.125000 1.500000 1.875000 2.250000 2.625000 3.000000 3.37500
1.312500 1.750000 2.187500 2.625000 3.062500 3.500000 3.93750	1.312500 1.750000 2.187500 2.625000 3.062500 3.500000 3.93750
1.500000 2.000000 2.500000 3.000000 3.500000 4.000000 4.50000	1.500000 2.000000 2.500000 3.000000 3.500000 4.000000 4.50000
1.687500 2.250000 2.812500 3.375000 3.937500 4.500000 5.06250	1.687500 2.250000 2.812500 3.375000 3.937500 4.500000 5.06250
1.875000 2.500000 3.125000 3.750000 4.375000 5.000000 5.62500	1.875000 2.500000 3.125000 3.750000 4.375000 5.000000 5.62500
2.062500 2.750000 3.437500 4.125000 4.812500 5.500000 6.18750	2.062500 2.750000 3.437500 4.125000 4.812500 5.500000 6.18750
2.250000 3.000000 3.750000 4.500000 5.250000 6.000000 6.75000	2.250000 3.000000 3.750000 4.500000 5.250000 6.000000 6.75000
2.437500 3.250000 4.062500 4.875000 5.687500 6.500000 7.31250	2.437500 3.250000 4.062500 4.875000 5.687500 6.500000 7.31250
2.625000 3.500000 4.375000 5.250000 6.125000 7.000000 7.87500	2.625000 3.500000 4.375000 5.250000 6.125000 7.000000 7.87500
2.812500 3.750000 4.687500 5.625000 6.562500 7.500000 8.43750	2.812500 3.750000 4.687500 5.625000 6.562500 7.500000 8.43750
D								D
0.000000 0.000000 0.000000 0.000000 0.000000 0.000000 0.00000	0.000000 0.000000 0.000000 0.000000 0.000000 0.000000 0.00000
0.125000 0.187500 0.250000 0.312500 0.375000 0.437500 0.50000 |	0.000000 0.000000 0.000000 0.000000 0.000000 0.000000 0.00000
0.250000 0.375000 0.500000 0.625000 0.750000 0.875000 1.00000 |	0.000000 0.000000 0.000000 0.000000 0.000000 0.000000 0.00000
0.375000 0.562500 0.750000 0.937500 1.125000 1.312500 1.50000 |	0.000000 0.000000 0.000000 0.000000 0.000000 0.000000 0.00000
0.500000 0.750000 1.000000 1.250000 1.500000 1.750000 2.00000	0.500000 0.750000 1.000000 1.250000 1.500000 1.750000 2.00000
0.625000 0.937500 1.250000 1.562500 1.875000 2.187500 2.50000	0.625000 0.937500 1.250000 1.562500 1.875000 2.187500 2.50000
0.750000 1.125000 1.500000 1.875000 2.250000 2.625000 3.00000	0.750000 1.125000 1.500000 1.875000 2.250000 2.625000 3.00000
0.875000 1.312500 1.750000 2.187500 2.625000 3.062500 3.50000	0.875000 1.312500 1.750000 2.187500 2.625000 3.062500 3.50000
1.000000 1.500000 2.000000 2.500000 3.000000 3.500000 4.00000 |	0.000000 0.000000 0.000000 0.000000 0.000000 0.000000 0.00000
1.125000 1.687500 2.250000 2.812500 3.375000 3.937500 4.50000 |	0.000000 0.000000 0.000000 0.000000 0.000000 0.000000 0.00000
1.250000 1.875000 2.500000 3.125000 3.750000 4.375000 5.00000 |	0.000000 0.000000 0.000000 0.000000 0.000000 0.000000 0.00000
1.375000 2.062500 2.750000 3.437500 4.125000 4.812500 5.50000 |	0.000000 0.000000 0.000000 0.000000 0.000000 0.000000 0.00000
1.500000 2.250000 3.000000 3.750000 4.500000 5.250000 6.00000 |	0.000000 0.000000 0.000000 0.000000 0.000000 0.000000 0.00000
1.625000 2.437500 3.250000 4.062500 4.875000 5.687500 6.50000 |	0.000000 0.000000 0.000000 0.000000 0.000000 0.000000 0.00000
1.750000 2.625000 3.500000 4.375000 5.250000 6.125000 7.00000 |	0.000000 0.000000 0.000000 0.000000 0.000000 0.000000 0.00000
1.875000 2.812500 3.750000 4.687500 5.625000 6.562500 7.50000 |	0.000000 0.000000 0.000000 0.000000 0.000000 0.000000 0.00000
D								D
0.000000 0.000000 0.000000 0.000000 0.000000 0.000000 0.00000	0.000000 0.000000 0.000000 0.000000 0.000000 0.000000 0.00000
40034149.750000 53378910.562500 66723671.375000 80068432.1875	40034149.750000 53378910.562500 66723671.375000 80068432.1875
80068299.500000 106757821.125000 133447342.750000 160136864.3	80068299.500000 106757821.125000 133447342.750000 160136864.3
120102449.250000 160136731.687500 200171014.125000 240205296.	120102449.250000 160136731.687500 200171014.125000 240205296.
160136599.000000 213515642.250000 266894685.500000 320273728.	160136599.000000 213515642.250000 266894685.500000 320273728.
200170748.750000 266894552.812500 333618356.875000 400342160.	200170748.750000 266894552.812500 333618356.875000 400342160.
240204898.500000 320273463.375000 400342028.250000 480410593.	240204898.500000 320273463.375000 400342028.250000 480410593.
280239048.250000 373652373.937500 467065699.625000 560479025.	280239048.250000 373652373.937500 467065699.625000 560479025.
320273198.000000 427031284.500000 533789371.000000 640547457. |	1.000000 1.500000 2.000000 2.500000 3.000000 3.500000 4.00000
360307347.750000 480410195.062500 600513042.375000 720615889. |	1.125000 1.687500 2.250000 2.812500 3.375000 3.937500 4.50000
400341497.500000 533789105.625000 667236713.750000 800684321. |	1.250000 1.875000 2.500000 3.125000 3.750000 4.375000 5.00000
440375647.250000 587168016.187500 733960385.125000 880752754. |	1.375000 2.062500 2.750000 3.437500 4.125000 4.812500 5.50000
480409797.000000 640546926.750000 800684056.500000 960821186. |	1.500000 2.250000 3.000000 3.750000 4.500000 5.250000 6.00000
520443946.750000 693925837.312500 867407727.875000 1040889618 |	1.625000 2.437500 3.250000 4.062500 4.875000 5.687500 6.50000
560478096.500000 747304747.875000 934131399.250000 1120958050 |	1.750000 2.625000 3.500000 4.375000 5.250000 6.125000 7.00000
600512246.250000 800683658.437500 1000855070.625000 120102648 |	1.875000 2.812500 3.750000 4.687500 5.625000 6.562500 7.50000
208218							      <
