A
0.000000 0.000000 0.000000 0.000000 0.000000 0.000000 0.000000 0.000000 
0.000000 0.125000 0.250000 0.375000 0.500000 0.625000 0.750000 0.875000 
0.000000 0.250000 0.500000 0.750000 1.000000 1.250000 1.500000 1.750000 
0.000000 0.375000 0.750000 1.125000 1.500000 1.875000 2.250000 2.625000 
0.000000 0.500000 1.000000 1.500000 2.000000 2.500000 3.000000 3.500000 
0.000000 0.625000 1.250000 1.875000 2.500000 3.125000 3.750000 4.375000 
0.000000 0.750000 1.500000 2.250000 3.000000 3.750000 4.500000 5.250000 
0.000000 0.875000 1.750000 2.625000 3.500000 4.375000 5.250000 6.125000 
B
0.000000 0.000000 0.000000 0.000000 0.000000 0.000000 0.000000 0.000000 
0.125000 0.250000 0.375000 0.500000 0.625000 0.750000 0.875000 1.000000 
0.250000 0.500000 0.750000 1.000000 1.250000 1.500000 1.750000 2.000000 
0.375000 0.750000 1.125000 1.500000 1.875000 2.250000 2.625000 3.000000 
0.500000 1.000000 1.500000 2.000000 2.500000 3.000000 3.500000 4.000000 
0.625000 1.250000 1.875000 2.500000 3.125000 3.750000 4.375000 5.000000 
0.750000 1.500000 2.250000 3.000000 3.750000 4.500000 5.250000 6.000000 
0.875000 1.750000 2.625000 3.500000 4.375000 5.250000 6.125000 7.000000 
C
0.000000 0.000000 0.000000 0.000000 0.000000 0.000000 0.000000 0.000000 
0.375000 0.500000 0.625000 0.750000 0.875000 1.000000 1.125000 1.250000 
0.750000 1.000000 1.250000 1.500000 1.750000 2.000000 2.250000 2.500000 
1.125000 1.500000 1.875000 2.250000 2.625000 3.000000 3.375000 3.750000 
1.500000 2.000000 2.500000 3.000000 3.500000 4.000000 4.500000 5.000000 
1.875000 2.500000 3.125000 3.750000 4.375000 5.000000 5.625000 6.250000 
2.250000 3.000000 3.750000 4.500000 5.250000 6.000000 6.750000 7.500000 
2.625000 3.500000 4.375000 5.250000 6.125000 7.000000 7.875000 8.750000 
D
0.000000 0.000000 0.000000 0.000000 0.000000 0.000000 0.000000 0.000000 
0.250000 0.375000 0.500000 0.625000 0.750000 0.875000 1.000000 1.125000 
0.500000 0.750000 1.000000 1.250000 1.500000 1.750000 2.000000 2.250000 
0.750000 1.125000 1.500000 1.875000 2.250000 2.625000 3.000000 3.375000 
1.000000 1.500000 2.000000 2.500000 3.000000 3.500000 4.000000 4.500000 
1.250000 1.875000 2.500000 3.125000 3.750000 4.375000 5.000000 5.625000 
1.500000 2.250000 3.000000 3.750000 4.500000 5.250000 6.000000 6.750000 
1.750000 2.625000 3.500000 4.375000 5.250000 6.125000 7.000000 7.875000 
1629
